<?xml version="1.0" encoding="UTF-8" standalone="no"?>
<!DOCTYPE svg PUBLIC "-//W3C//DTD SVG 20010904//EN"
              "http://www.w3.org/TR/2001/REC-SVG-20010904/DTD/svg10.dtd">

<svg xmlns="http://www.w3.org/2000/svg"
     width="6in" height="4.7in"
     viewBox="0 0 600 470">
  <path id="Unnamed #1"
        fill="none" stroke="black" stroke-width="1"
        d="M 35.88,25.38
           C 35.88,25.38 42.25,19.50 44.75,17.62
             48.62,14.38 49.38,18.62 48.88,19.62
             48.88,19.62 37.00,44.62 35.75,48.00
             35.00,51.25 38.00,51.50 40.75,49.88
             44.38,47.62 47.75,45.50 47.75,45.50M 61.38,17.62
           C 61.38,17.62 46.00,50.62 46.00,50.62M 49.62,44.00
           C 49.62,44.00 53.75,40.88 53.75,40.88
             53.75,40.88 55.38,39.88 56.75,39.00
             61.25,37.12 60.38,40.50 60.38,40.50
             60.38,40.50 57.62,45.12 56.12,48.12
             54.75,51.75 57.88,50.50 57.88,50.50
             57.88,50.50 64.25,46.38 64.25,46.38" />
</svg>
