<?xml version="1.0" encoding="UTF-8" standalone="no"?>
<!DOCTYPE svg PUBLIC "-//W3C//DTD SVG 20010904//EN"
              "http://www.w3.org/TR/2001/REC-SVG-20010904/DTD/svg10.dtd">

<svg xmlns="http://www.w3.org/2000/svg"
     width="6in" height="4.7in"
     viewBox="0 0 600 470">
  <path id="Unnamed #1"
        fill="none" stroke="black" stroke-width="1"
        d="M 0.88,9.38
           C 0.88,9.38 7.25,3.50 9.75,1.62
             13.62,-1.62 14.62,3.00 14.12,4.00
             14.12,4.00 2.00,28.62 0.75,32.00
             -0.25,36.00 3.12,37.00 6.25,34.25
             10.12,31.50 13.75,28.75 13.75,28.75M 26.38,1.62
           C 26.38,1.62 10.88,35.00 10.88,35.00M 13.50,28.75
           C 13.50,28.75 18.75,24.88 18.75,24.88
             18.75,24.88 20.38,23.88 21.75,23.00
             26.25,21.12 25.25,24.75 25.25,24.75
             25.25,24.75 22.75,29.62 21.25,32.62
             19.69,35.63 22.75,37.75 25.95,33.30
             27.38,31.38 27.12,31.50 28.75,29.62M 37.25,21.00
           C 37.25,21.00 32.00,31.62 31.88,31.75
             30.25,36.00 36.00,38.50 39.88,31.75M 45.25,21.00
           C 42.50,26.38 42.12,26.75 39.75,31.88
             37.88,36.00 42.88,38.38 46.50,32.12M 52.62,21.00
           C 49.88,25.88 46.88,31.12 46.62,32.12
             45.50,36.75 49.62,38.12 54.50,30.38" />
</svg>
