<?xml version="1.0" encoding="UTF-8" standalone="no"?>
<!DOCTYPE svg PUBLIC "-//W3C//DTD SVG 20010904//EN"
              "http://www.w3.org/TR/2001/REC-SVG-20010904/DTD/svg10.dtd">

<svg xmlns="http://www.w3.org/2000/svg"
     width="6in" height="4.7in"
     viewBox="0 0 600 470">
  <path id="Unnamed #3"
        fill="none" stroke="black" stroke-width="1"
        d="M 14.75,6.88
           C 14.75,6.88 17.88,2.75 19.38,1.75
             23.75,-1.50 24.75,1.25 23.88,3.62
             22.85,6.38 0.54,55.27 0.50,55.00M 10.50,33.00
           C 10.50,33.00 14.38,32.50 16.75,32.25
             16.75,32.25 19.25,32.25 21.50,33.62
             25.88,37.62 28.62,34.00 28.62,34.00M 19.75,12.62
           C 24.25,6.00 25.62,5.12 29.75,2.12
             32.75,-0.38 35.88,1.62 36.12,3.88
             35.00,10.62 34.12,11.00 29.75,20.25M 44.50,21.00
           C 44.40,21.25 28.50,55.01 28.50,55.00M 41.62,27.12
           C 45.00,23.62 46.00,23.00 48.62,22.12
             49.62,21.88 51.12,21.25 51.75,23.75
             51.12,26.12 49.50,28.75 49.50,28.75M 37.88,35.00
           C 37.88,35.00 41.12,33.50 43.12,33.38
             44.88,33.62 46.12,34.50 47.00,34.88
             49.88,37.00 52.12,34.75 52.12,34.75" />
</svg>
