<?xml version="1.0" encoding="UTF-8" standalone="no"?>
<!DOCTYPE svg PUBLIC "-//W3C//DTD SVG 20010904//EN"
              "http://www.w3.org/TR/2001/REC-SVG-20010904/DTD/svg10.dtd">

<svg xmlns="http://www.w3.org/2000/svg"
     width="0.57in" height="0.6in"
     viewBox="0 0 57 60">
  <path id="Unnamed #3"
        fill="none" stroke="black" stroke-width="1"
        d="M 3.50,57.00
           C 3.50,57.00 25.75,7.62 26.88,5.62
             27.75,3.25 26.75,0.50 22.38,3.75
             20.88,4.75 14.88,11.12 14.88,11.12M 31.62,36.00
           C 31.62,36.00 28.88,39.62 24.50,35.62
             22.25,34.25 19.75,34.25 19.75,34.25
             17.38,34.50 14.25,35.38 14.25,35.38M 31.50,23.00
           C 31.50,23.00 36.88,12.25 39.12,5.88
             39.75,3.88 36.62,0.00 32.75,4.12
             30.12,7.12 23.50,14.75 23.50,14.75M 31.50,57.00
           C 31.50,57.01 47.40,23.25 47.50,23.00M 52.00,30.88
           C 52.00,30.88 54.75,25.75 54.75,25.75
             55.88,23.00 53.75,23.00 51.62,24.12
             50.12,25.25 44.88,29.25 44.88,29.25M 55.12,36.75
           C 55.12,36.75 52.88,39.00 50.00,36.88
             49.12,36.50 47.88,35.62 46.12,35.38
             44.12,35.50 42.00,36.88 42.00,36.88" />
</svg>
