<?xml version="1.0" encoding="UTF-8" standalone="no"?>
<!DOCTYPE svg PUBLIC "-//W3C//DTD SVG 20010904//EN"
              "http://www.w3.org/TR/2001/REC-SVG-20010904/DTD/svg10.dtd">

<svg xmlns="http://www.w3.org/2000/svg"
     width="6in" height="4.7in"
     viewBox="0 0 600 470">
  <path id="Unnamed #1"
        fill="none" stroke="black" stroke-width="1"
        d="M 17.00,16.38
           C 18.88,11.38 15.75,2.75 7.50,10.12
             0.50,18.50 1.00,20.00 0.00,26.50
             0.00,35.50 6.62,34.00 10.12,29.88
             13.62,25.12 13.75,25.50 17.00,16.38 Z
           M 7.38,0.50
           C 2.88,9.62 5.88,7.00 13.00,7.12
             22.88,7.00 25.50,6.25 23.50,11.25M 25.50,16.12
           C 41.50,10.25 43.12,5.50 43.12,2.75
             43.00,-2.12 36.75,1.00 36.00,4.62
             36.00,10.00 36.75,14.62 36.50,21.50
             32.88,31.50 27.38,34.00 24.75,34.00
             19.12,32.88 23.25,26.00 25.38,23.25
             28.00,20.00 36.25,21.25 43.00,21.00" />
</svg>
