<?xml version="1.0" encoding="UTF-8" standalone="no"?>
<!DOCTYPE svg PUBLIC "-//W3C//DTD SVG 20010904//EN"
              "http://www.w3.org/TR/2001/REC-SVG-20010904/DTD/svg10.dtd">

<svg xmlns="http://www.w3.org/2000/svg"
     width="6in" height="4.7in"
     viewBox="0 0 600 470">
  <path id="Unnamed #4"
        fill="none" stroke="black" stroke-width="1"
        d="M 23.75,6.25
           C 23.25,3.62 20.75,-2.00 13.38,2.88
             10.82,5.00 9.38,8.00 7.88,12.88
             6.38,22.00 15.25,22.38 18.88,18.62
             22.38,13.88 24.00,12.00 23.75,6.25 Z
           M 40.75,15.75
           C 38.62,19.25 39.50,17.88 37.75,21.00
             39.38,21.12 42.62,21.00 44.88,21.00
             41.00,24.50 35.62,29.00 30.12,33.62
             36.66,29.81 39.88,31.38 39.12,34.88
             34.38,48.00 33.00,53.38 25.88,54.12
             22.25,54.12 25.38,45.50 31.88,40.88
             35.12,38.38 42.25,33.00 44.62,31.12M 22.38,13.75
           C 19.75,20.75 14.75,27.00 12.38,30.25
             9.12,33.62 1.50,36.00 1.00,31.25
             1.12,26.25 11.25,27.62 14.12,31.88
             18.62,37.00 23.38,30.50 23.38,30.50" />
</svg>
