<?xml version="1.0" encoding="UTF-8" standalone="no"?>
<!DOCTYPE svg PUBLIC "-//W3C//DTD SVG 20010904//EN"
              "http://www.w3.org/TR/2001/REC-SVG-20010904/DTD/svg10.dtd">

<svg xmlns="http://www.w3.org/2000/svg"
     width="6in" height="4.7in"
     viewBox="0 0 600 470">
  <path id="Unnamed"
        fill="none" stroke="black" stroke-width="1"
        d="M 8.25,8.75
           C 11.75,5.00 14.00,4.12 16.62,2.38
             23.62,-0.75 20.88,4.00 20.00,6.38
             18.50,9.62 8.25,32.38 7.00,36.00
             11.62,33.25 15.50,33.75 16.75,36.00
             21.25,32.88 23.75,26.88 22.62,23.00
             20.50,17.25 9.50,16.75 5.38,18.88
             -4.12,25.00 2.62,28.88 8.25,23.38M 45.50,1.00
           C 45.50,1.00 31.50,31.75 30.00,36.00
             34.50,33.00 38.50,33.75 39.25,36.00
             44.25,31.38 45.12,28.50 44.62,24.75
             43.50,20.75 33.62,21.12 29.00,23.75" />
</svg>
