<?xml version="1.0" encoding="UTF-8" standalone="no"?>
<!DOCTYPE svg PUBLIC "-//W3C//DTD SVG 20010904//EN"
              "http://www.w3.org/TR/2001/REC-SVG-20010904/DTD/svg10.dtd">

<svg xmlns="http://www.w3.org/2000/svg"
     width="6in" height="4.7in"
     viewBox="0 0 600 470">
  <path id="Unnamed #4"
        fill="none" stroke="black" stroke-width="1"
        d="M 18.62,22.88
           C 18.91,23.20 21.75,15.50 25.00,7.75
             25.75,6.88 27.50,-3.88 16.00,2.00
             9.00,8.00 3.12,19.00 1.62,23.50
             0.12,28.62 0.62,28.25 1.00,31.38
             2.12,34.62 7.88,37.00 11.75,32.62
             14.88,28.38 18.62,23.00 18.62,23.00M 28.25,33.75
           C 28.25,33.75 26.62,36.25 22.75,33.75
             20.00,31.62 16.75,32.38 13.62,33.50M 19.62,21.00
           C 19.62,21.00 3.62,55.00 3.62,55.00M 52.25,34.38
           C 52.25,34.38 50.38,37.88 47.12,34.50
             47.12,34.50 43.88,33.50 40.88,34.88M 44.00,28.38
           C 44.00,28.38 31.50,55.00 31.50,55.00M 42.50,31.50
           C 42.50,31.50 39.38,34.75 39.38,34.50
             38.88,34.62 33.25,38.75 32.50,31.88
             32.62,31.62 32.62,27.75 36.62,23.38
             41.20,20.05 44.50,21.00 44.88,23.88
             43.88,30.38 43.12,30.00 43.12,30.00" />
</svg>
