<?xml version="1.0" encoding="UTF-8" standalone="no"?>
<!DOCTYPE svg PUBLIC "-//W3C//DTD SVG 20010904//EN"
              "http://www.w3.org/TR/2001/REC-SVG-20010904/DTD/svg10.dtd">

<svg xmlns="http://www.w3.org/2000/svg"
     width="6in" height="4.7in"
     viewBox="0 0 600 470">
  <path id="amed #4"
        fill="none" stroke="black" stroke-width="1"
        d="M 18.50,23.50
           C 19.75,21.12 21.62,17.38 24.62,9.12
             27.12,2.88 23.13,-3.50 14.75,3.50
             7.75,9.50 3.12,19.00 1.62,23.50
             0.12,28.62 0.62,28.25 1.00,31.38
             2.12,34.62 7.25,37.00 11.75,32.62
             14.00,30.38 15.62,29.38 18.50,23.50 Z
           M 18.38,23.62
           C 18.38,23.62 3.62,55.00 3.62,55.00M 43.75,28.88
           C 43.75,28.88 34.00,49.50 31.50,55.00M 13.50,33.75
           C 13.50,33.75 19.25,31.25 21.75,33.38
             23.38,35.00 25.62,35.75 27.62,33.50M 43.62,29.00
           C 43.62,29.00 44.75,26.75 44.50,24.38
             44.50,24.38 43.62,18.88 37.88,22.75
             35.00,25.50 33.62,26.75 32.62,31.25
             33.00,35.00 37.50,36.00 40.00,34.38
             42.88,32.00 43.62,29.00 43.62,29.00 Z
           M 41.12,34.50
           C 43.75,33.00 46.00,33.75 46.88,34.25
             50.00,37.00 51.75,34.75 52.88,33.75" />
</svg>
