<?xml version="1.0" encoding="UTF-8" standalone="no"?>
<!DOCTYPE svg PUBLIC "-//W3C//DTD SVG 20010904//EN"
              "http://www.w3.org/TR/2001/REC-SVG-20010904/DTD/svg10.dtd">

<svg xmlns="http://www.w3.org/2000/svg"
     width="6in" height="4.7in"
     viewBox="0 0 600 470">
  <path id="Unnamed #2"
        fill="none" stroke="black" stroke-width="1"
        d="M 19.38,10.38
           C 19.75,9.75 21.25,7.50 21.25,4.00
             21.38,1.00 17.75,-1.62 13.00,1.62
             10.88,4.12 9.88,6.00 8.25,10.12
             7.38,14.25 11.00,16.00 13.62,16.00
             15.00,16.12 18.00,12.88 19.38,10.38 Z
           M 38.62,10.38
           C 40.12,7.62 40.50,7.25 40.75,4.00
             40.50,2.62 38.25,-1.00 33.38,2.62
             31.00,4.50 29.75,7.00 28.25,10.12
             27.12,14.00 30.38,16.00 33.00,16.00
             35.50,14.75 36.75,12.62 38.62,10.38 Z
           M 22.88,1.00
           C 19.75,10.00 14.12,25.00 12.50,29.88
             9.62,36.12 0.12,36.25 0.38,32.62
             1.00,28.88 9.88,32.50 13.88,34.00
             17.12,35.62 18.38,35.00 19.75,32.62M 39.38,8.88
           C 39.38,8.88 31.50,24.38 29.25,30.00
             27.50,39.38 35.50,33.75 41.00,25.62" />
</svg>
