<?xml version="1.0" encoding="UTF-8" standalone="no"?>
<!DOCTYPE svg PUBLIC "-//W3C//DTD SVG 20010904//EN"
              "http://www.w3.org/TR/2001/REC-SVG-20010904/DTD/svg10.dtd">

<svg xmlns="http://www.w3.org/2000/svg"
     width="6in" height="4.7in"
     viewBox="0 0 600 470">
  <path id="Unnamed #6"
        fill="none" stroke="black" stroke-width="1"
        d="M 37.12,0.75
           C 37.12,0.75 24.12,29.25 23.12,31.50
             22.75,38.12 28.88,33.75 32.25,29.00
             33.62,26.62 36.00,22.12 36.00,22.12M 30.62,15.00
           C 30.62,15.00 43.38,15.00 43.38,15.00M 35.25,23.75
           C 33.12,27.38 32.25,30.75 31.75,32.50
             31.38,38.38 38.62,31.38 38.62,31.38M 1.00,8.00
           C 1.00,8.00 3.12,4.88 8.12,2.12
             14.12,-1.00 13.00,3.12 13.12,3.75
             9.62,11.50 2.38,26.88 0.62,30.50
             -0.12,37.00 4.25,35.00 7.00,32.00
             7.00,32.00 11.50,26.38 14.75,21.38M 13.25,23.75
           C 11.62,26.38 11.00,28.12 10.12,30.50
             8.00,39.50 17.00,32.00 16.75,31.88M 8.12,14.62
           C 11.75,13.38 16.38,15.62 16.62,15.25
             21.25,18.50 24.50,14.25 24.50,14.25" />
</svg>
