<?xml version="1.0" encoding="UTF-8" standalone="no"?>
<!DOCTYPE svg PUBLIC "-//W3C//DTD SVG 20010904//EN"
              "http://www.w3.org/TR/2001/REC-SVG-20010904/DTD/svg10.dtd">

<svg xmlns="http://www.w3.org/2000/svg"
     width="6in" height="4.7in"
     viewBox="0 0 600 470">
  <path id="Unnamed #9"
        fill="none" stroke="black" stroke-width="1"
        d="M 1.00,7.88
           C 11.38,-2.88 15.00,-1.12 13.50,5.12
             10.12,12.50 0.62,33.00 0.62,33.00M 10.62,11.38
           C 20.75,-1.50 27.25,-2.75 25.00,5.12
             23.75,8.25 15.88,23.50 14.00,27.62
             11.25,34.25 16.25,35.75 24.25,25.75M 27.62,20.00
           C 26.62,21.50 22.25,29.25 20.25,33.00
             25.12,29.12 26.12,30.62 27.12,32.00
             28.50,33.00 28.75,34.25 31.88,30.25M 41.50,20.00
           C 41.50,20.00 36.38,30.62 35.38,33.00M 38.50,26.50
           C 45.12,18.50 48.62,19.00 48.38,22.75
             47.00,26.12 46.75,26.88 45.50,29.62
             43.12,34.50 48.62,34.62 54.25,26.50M 57.25,20.00
           C 57.25,20.00 52.88,30.25 51.62,33.00
             53.62,30.75 55.25,30.25 57.38,31.50
             60.25,33.00 59.62,34.25 63.12,30.62" />
</svg>
