<?xml version="1.0" encoding="UTF-8" standalone="no"?>
<!DOCTYPE svg PUBLIC "-//W3C//DTD SVG 20010904//EN"
              "http://www.w3.org/TR/2001/REC-SVG-20010904/DTD/svg10.dtd">

<svg xmlns="http://www.w3.org/2000/svg"
     width="6in" height="4.7in"
     viewBox="0 0 600 470">
  <path id="Unnamed #6"
        fill="none" stroke="black" stroke-width="1"
        d="M 37.12,6.75
           C 37.12,6.75 24.12,35.25 23.12,37.50
             22.75,44.12 28.88,39.75 32.25,35.00
             33.62,32.62 36.00,28.12 36.00,28.12M 30.62,21.00
           C 30.62,21.00 38.88,21.12 43.38,21.00M 35.00,29.88
           C 32.88,33.50 32.25,36.75 31.75,38.50
             31.38,44.38 38.62,37.38 38.62,37.38M 1.00,14.00
           C 1.00,14.00 3.12,10.88 8.12,8.12
             14.12,5.00 13.00,9.12 13.12,9.75
             9.62,17.50 2.38,32.88 0.62,36.50
             -0.12,43.00 4.25,41.00 7.00,38.00
             7.00,38.00 11.50,32.38 14.75,27.38M 7.75,21.38
           C 11.62,20.00 14.00,20.50 16.50,21.50
             19.88,22.62 22.12,22.75 24.62,20.75M 12.88,30.00
           C 12.12,31.00 10.12,36.38 9.75,38.75
             9.62,43.25 15.25,39.62 16.88,37.88" />
</svg>
